0 1
0 0
0 0
0 0
0 0
0 0
0 0
0 0
0 0
0 0
0 0
0 0
0 0
0 0
0 0
0 0
0 0
0 0
0 0
0 0
0 0
0 0
0 0
0 0
0 0
0 0
0 0
0 0
0 0
0 0
0 0
0 0
0 0
0 0
0 0
0 0
0 0
0 0
0 0
0 0
0 0
0 0
0 0
0 0
0 0
0 0
0 0
0 0
0 0
0 0
0 0
0 0
0 0
0 0
0 0
0 0
0 0
0 0
0 0
0 0
0 0
0 0
0 0
0 0
0 0
0 0
0 0
0 0
0 0
0 0
0 0
0 0
0 0
0 0
0 0
0 0
0 0
0 0
0 0
0 0
0 0
0 0
0 0
0 0
0 0
0 0
0 0
0 0
0 0
0 0
0 0
0 0
0 0
0 0
0 0
0 0
0 0
0 0
0 0
0 0
0 0
0 0
0 0
0 0
0 0
0 0
0 0
0 0
0 0
0 0
0 0
0 0
0 0
0 0
0 0
0 0
0 0
0 0
0 0
0 0
0 0
0 0
0 0
0 0
0 0
1 24
0 0
0 0
0 0
0 0
0 0
0 0
0 0
0 0
0 0
0 0
0 0
0 0
0 0
0 0
0 0
0 0
0 0
0 0
0 0
0 0
0 0
0 0
0 0
0 0
24 35
0 0
0 0
0 0
0 0
35 39
39 505
505 740
740 963
963 1309
1309 1315
1315 1576
1576 1708
1708 1783
1783 1949
1949 1950
1950 2127
2127 2272
2272 2413
2413 2569
2569 2577
2577 2832
2832 2978
2978 3229
3229 3483
3483 3505
0 0
0 0
0 0
0 0
3505 3507
3507 3737
3737 4001
4001 4251
4251 4473
4473 4477
4477 4631
4631 4741
4741 4797
4797 4931
4931 4931
4931 4985
4985 5054
5054 5116
5116 5185
5185 5190
5190 5294
5294 5410
5410 5628
5628 5784
5784 5788
0 0
0 0
0 0
0 0
5788 5788
5788 6004
6004 6139
6139 6346
6346 6492
6492 6498
6498 6702
6702 6828
6828 6905
6905 7075
7075 7076
7076 7236
7236 7359
7359 7501
7501 7633
7633 7637
7637 7768
7768 7882
7882 8063
8063 8230
8230 8251
0 0
0 0
0 0
0 0
8251 8252
8252 8484
8484 8619
8619 8729
8729 8951
8951 8954
8954 9129
9129 9237
9237 9285
9285 9431
9431 9432
9432 9624
9624 9789
9789 9938
9938 10159
10159 10166
10166 10388
10388 10550
10550 10727
10727 11075
11075 11154
0 0
0 0
0 0
0 0
0 0
0 0
0 0
0 0
0 0
0 0
0 0
0 0
0 0
0 0
0 0
0 0
0 0
0 0
0 0
0 0
0 0
0 0
0 0
0 0
11154 11160
0 0
0 0
0 0
0 0
11160 11162
11162 11429
11429 11566
11566 11700
11700 11879
11879 11886
11886 12212
12212 12352
12352 12430
12430 12612
12612 12614
12614 12837
12837 13034
13034 13214
13214 13431
13431 13437
13437 13595
13595 13735
13735 13911
13911 14165
14165 14185
0 0
0 0
0 0
0 0
14185 14186
14186 14333
14333 14478
14478 14645
14645 14795
14795 14802
14802 14939
14939 15110
15110 15169
15169 15311
15311 15312
15312 15360
15360 15425
15425 15480
15480 15542
15542 15547
15547 15636
15636 15784
15784 15964
15964 16106
16106 16108
0 0
0 0
0 0
0 0
16108 16108
16108 16162
16162 16204
16204 16259
16259 16306
16306 16309
16309 16385
16385 16446
16446 16491
16491 16568
16568 16568
16568 16623
16623 16683
16683 16742
16742 16798
16798 16799
16799 16845
16845 16899
16899 16979
16979 17054
17054 17073
0 0
0 0
0 0
0 0
17073 17074
17074 17203
17203 17300
17300 17376
17376 17488
17488 17493
17493 17663
17663 17813
17813 17866
17866 18077
18077 18078
18078 18278
18278 18480
18480 18646
18646 18898
18898 18903
18903 19016
19016 19165
19165 19299
19299 19525
19525 19537
0 0
0 0
0 0
0 0
0 0
0 0
0 0
0 0
0 0
0 0
0 0
0 0
0 0
0 0
0 0
0 0
0 0
0 0
0 0
0 0
0 0
0 0
0 0
0 0
19537 19539
0 0
0 0
0 0
0 0
19539 19541
19541 19790
19790 19918
19918 20065
20065 20227
20227 20231
20231 20397
20397 20488
20488 20541
20541 20656
20656 20657
20657 20848
20848 20975
20975 21121
21121 21237
21237 21238
21238 21345
21345 21429
21429 21569
21569 21715
21715 21733
0 0
0 0
0 0
0 0
21733 21734
21734 21890
21890 22043
22043 22242
22242 22405
22405 22409
22409 22551
22551 22652
22652 22712
22712 22836
22836 22837
22837 22892
22892 22963
22963 23026
23026 23096
23096 23101
23101 23212
23212 23340
23340 23535
23535 23679
23679 23682
0 0
0 0
0 0
0 0
23682 23683
23683 23848
23848 23947
23947 24095
24095 24202
24202 24206
24206 24339
24339 24444
24444 24505
24505 24632
24632 24633
24633 24763
24763 24864
24864 25012
25012 25121
25121 25124
25124 25214
25214 25305
25305 25443
25443 25573
25573 25590
0 0
0 0
0 0
0 0
25590 25592
25592 25740
25740 25842
25842 25937
25937 26069
26069 26073
26073 26221
26221 26320
26320 26361
26361 26497
26497 26498
26498 26666
26666 26820
26820 26963
26963 27225
27225 27230
27230 27364
27364 27492
27492 27628
27628 27863
27863 27947
0 0
0 0
0 0
0 0
0 0
0 0
0 0
0 0
0 0
0 0
0 0
0 0
0 0
0 0
0 0
0 0
0 0
0 0
0 0
0 0
0 0
0 0
0 0
0 0
27947 27953
0 0
0 0
0 0
0 0
27953 27955
27955 28241
28241 28375
28375 28488
28488 28710
28710 28715
28715 28925
28925 29017
29017 29063
29063 29197
29197 29197
29197 29305
29305 29417
29417 29505
29505 29609
29609 29615
29615 29791
29791 29898
29898 30055
30055 30312
30312 30331
0 0
0 0
0 0
0 0
30331 30332
30332 30513
30513 30681
30681 30880
30880 31074
31074 31079
31079 31252
31252 31385
31385 31439
31439 31600
31600 31600
31600 31640
31640 31695
31695 31744
31744 31798
31798 31803
31803 31911
31911 32105
32105 32330
32330 32510
32510 32514
0 0
0 0
0 0
0 0
32514 32514
32514 32763
32763 32914
32914 33083
33083 33258
33258 33264
33264 33519
33519 33655
33655 33732
33732 33937
33937 33938
33938 34111
34111 34254
34254 34393
34393 34547
34547 34555
34555 34764
34764 34931
34931 35256
35256 35518
35518 35546
0 0
0 0
0 0
0 0
35546 35548
35548 35791
35791 35942
35942 36071
36071 36304
36304 36310
36310 36559
36559 36726
36726 36780
36780 36996
36996 36997
36997 37177
37177 37333
37333 37481
37481 37712
37712 37723
37723 38009
38009 38260
38260 38526
38526 39005
